 
1 25
1 24
1 23
1 22
1 21
1 20
1 19
1 18
1 17
1 16
1 15
1 14
1 13
2 25
1 12
2 24
2 23
1 11
2 22
2 21
1 10
2 20
2 19
1 9
2 18
2 17
3 25
1 8
2 16
3 24
3 23
2 15
3 22
1 7
2 14
3 21
3 20
2 13
3 19
4 25
1 6
2 12
3 18
4 24
4 23
3 17
2 11
4 22
3 16
4 21
1 5
2 10
3 15
4 20
5 25
5 24
4 19
3 14
5 23
2 9
4 18
5 22
3 13
4 17
5 21
6 25
1 4
2 8
3 12
4 16
5 20
6 24
6 23
5 19
4 15
3 11
6 22
5 18
7 25
2 7
4 14
6 21
7 24
5 17
3 10
6 20
7 23
4 13
5 16
6 19
7 22
8 25
1 3
2 6
3 9
4 12
5 15
6 18
7 21
8 24
8 23
7 20
6 17
5 14
9 25
4 11
8 22
7 19
3 8
6 16
9 24
8 21
5 13
7 18
9 23
2 5
4 10
6 15
8 20
10 25
9 22
7 17
5 12
10 24
8 19
3 7
6 14
9 21
10 23
7 16
11 25
4 9
8 18
9 20
5 11
10 22
11 24
6 13
7 15
8 17
9 19
10 21
11 23
12 25
1 2
2 4
3 6
4 8
5 10
6 12
7 14
8 16
9 18
10 20
11 22
12 24
13 25
12 23
11 21
10 19
9 17
8 15
7 13
13 24
6 11
12 22
11 20
5 9
10 18
14 25
9 16
13 23
4 7
8 14
12 21
11 19
7 12
14 24
10 17
13 22
3 5
6 10
9 15
12 20
15 25
14 23
11 18
8 13
13 21
5 8
10 16
15 24
12 19
7 11
14 22
16 25
9 14
11 17
13 20
15 23
2 3
4 6
6 9
8 12
10 15
12 18
14 21
16 24
17 25
15 22
13 19
11 16
9 13
16 23
7 10
14 20
12 17
17 24
5 7
10 14
15 21
18 25
13 18
8 11
16 22
11 15
14 19
17 23
3 4
6 8
9 12
12 16
15 20
18 24
19 25
16 21
13 17
10 13
17 22
7 9
14 18
18 23
11 14
15 19
19 24
4 5
8 10
12 15
16 20
20 25
17 21
13 16
9 11
18 22
14 17
19 23
5 6
10 12
15 18
20 24
21 25
16 19
11 13
17 20
6 7
12 14
18 21
19 22
13 15
20 23
7 8
14 16
21 24
22 25
15 17
8 9
16 18
17 19
9 10
18 20
19 21
10 11
20 22
21 23
11 12
22 24
23 25
12 13
13 14
14 15
15 16
16 17
17 18
18 19
19 20
20 21
21 22
22 23
23 24
24 25
1 1
2 2
3 3
4 4
5 5
6 6
7 7
8 8
9 9
10 10
11 11
12 12
13 13
14 14
15 15
16 16
17 17
18 18
19 19
20 20
21 21
22 22
23 23
24 24
25 25
25 24
24 23
23 22
22 21
21 20
20 19
19 18
18 17
17 16
16 15
15 14
14 13
13 12
25 23
12 11
24 22
23 21
11 10
22 20
21 19
10 9
20 18
19 17
9 8
18 16
17 15
25 22
8 7
16 14
24 21
23 20
15 13
22 19
7 6
14 12
21 18
20 17
13 11
19 16
25 21
6 5
12 10
18 15
24 20
23 19
17 14
11 9
22 18
16 13
21 17
5 4
10 8
15 12
20 16
25 20
24 19
19 15
14 11
23 18
9 7
18 14
22 17
13 10
17 13
21 16
25 19
4 3
8 6
12 9
16 12
20 15
24 18
23 17
19 14
15 11
11 8
22 16
18 13
25 18
7 5
14 10
21 15
24 17
17 12
10 7
20 14
23 16
13 9
16 11
19 13
22 15
25 17
3 2
6 4
9 6
12 8
15 10
18 12
21 14
24 16
23 15
20 13
17 11
14 9
25 16
11 7
22 14
19 12
8 5
16 10
24 15
21 13
13 8
18 11
23 14
5 3
10 6
15 9
20 12
25 15
22 13
17 10
12 7
24 14
19 11
7 4
14 8
21 12
23 13
16 9
25 14
9 5
18 10
20 11
11 6
22 12
24 13
13 7
15 8
17 9
19 10
21 11
23 12
25 13
2 1
4 2
6 3
8 4
10 5
12 6
14 7
16 8
18 9
20 10
22 11
24 12
25 12
23 11
21 10
19 9
17 8
15 7
13 6
24 11
11 5
22 10
20 9
9 4
18 8
25 11
16 7
23 10
7 3
14 6
21 9
19 8
12 5
24 10
17 7
22 9
5 2
10 4
15 6
20 8
25 10
23 9
18 7
13 5
21 8
8 3
16 6
24 9
19 7
11 4
22 8
25 9
14 5
17 6
20 7
23 8
3 1
6 2
9 3
12 4
15 5
18 6
21 7
24 8
25 8
22 7
19 6
16 5
13 4
23 7
10 3
20 6
17 5
24 7
7 2
14 4
21 6
25 7
18 5
11 3
22 6
15 4
19 5
23 6
4 1
8 2
12 3
16 4
20 5
24 6
25 6
21 5
17 4
13 3
22 5
9 2
18 4
23 5
14 3
19 4
24 5
5 1
10 2
15 3
20 4
25 5
21 4
16 3
11 2
22 4
17 3
23 4
6 1
12 2
18 3
24 4
25 4
19 3
13 2
20 3
7 1
14 2
21 3
22 3
15 2
23 3
8 1
16 2
24 3
25 3
17 2
9 1
18 2
19 2
10 1
20 2
21 2
11 1
22 2
23 2
12 1
24 2
25 2
13 1
14 1
15 1
16 1
17 1
18 1
19 1
20 1
21 1
22 1
23 1
24 1
25 1
